VARIABLES ="X" "Y" "Z" "rho" "press" "temp" "tau_wall" "qdot" "yplus" "muLam"
Zone T ="wall" I = 281 , F = point
3.64220023e-01	-1.15909268e-06	-2.99999993e-02	7.24052300e-01	6.17645846e+04	2.97226612e+02	3.03484192e+01	-6.11808310e+04	2.96459756e-01	1.83276368e-05
3.62169713e-01	-1.15933164e-06	-2.99999994e-02	7.22951996e-01	6.16691527e+04	2.97219038e+02	2.90385534e+01	-6.13342126e+04	2.89835763e-01	1.83272768e-05
3.60157982e-01	-1.15956612e-06	-2.99999993e-02	7.21765580e-01	6.15659543e+04	2.97209407e+02	2.76851493e+01	-6.15326268e+04	2.82832914e-01	1.83268191e-05
3.58184353e-01	-1.15979617e-06	-2.99999994e-02	7.20492448e-01	6.14548845e+04	2.97197449e+02	2.62899973e+01	-6.17821379e+04	2.75434310e-01	1.83262506e-05
3.56248334e-01	-1.16002184e-06	-2.99999994e-02	7.19132278e-01	6.13359238e+04	2.97183184e+02	2.48530822e+01	-6.20822282e+04	2.67610489e-01	1.83255726e-05
3.54349450e-01	-1.16024319e-06	-2.99999994e-02	7.17685025e-01	6.12090767e+04	2.97166636e+02	2.33769600e+01	-6.24323608e+04	2.59340938e-01	1.83247859e-05
3.52487192e-01	-1.16046021e-06	-2.99999994e-02	7.16151435e-01	6.10743914e+04	2.97147708e+02	2.18637298e+01	-6.28347620e+04	2.50597107e-01	1.83238862e-05
3.50661084e-01	-1.16067303e-06	-2.99999993e-02	7.14531885e-01	6.09318639e+04	2.97126203e+02	2.03156077e+01	-6.32931921e+04	2.41347195e-01	1.83228639e-05
3.48870665e-01	-1.16088170e-06	-2.99999994e-02	7.12828221e-01	6.07816893e+04	2.97102280e+02	1.87360039e+01	-6.38044706e+04	2.31554765e-01	1.83217265e-05
3.47115428e-01	-1.16108628e-06	-2.99999994e-02	7.11041857e-01	6.06240094e+04	2.97076016e+02	1.71295959e+01	-6.43672208e+04	2.21181521e-01	1.83204779e-05
3.45394880e-01	-1.16128683e-06	-2.99999993e-02	7.09175191e-01	6.04590403e+04	2.97047443e+02	1.55006001e+01	-6.49801766e+04	2.10177360e-01	1.83191194e-05
3.43708545e-01	-1.16148340e-06	-2.99999994e-02	7.07230829e-01	6.02869976e+04	2.97016499e+02	1.38529525e+01	-6.56447975e+04	1.98470086e-01	1.83176482e-05
3.42055932e-01	-1.16167604e-06	-2.99999994e-02	7.05212203e-01	6.01081921e+04	2.96983246e+02	1.21924323e+01	-6.63597178e+04	1.85976425e-01	1.83160670e-05
3.40436548e-01	-1.16186476e-06	-2.99999994e-02	7.03123243e-01	5.99229813e+04	2.96947765e+02	1.05263396e+01	-6.71233141e+04	1.72590316e-01	1.83143798e-05
3.38849932e-01	-1.16204967e-06	-2.99999993e-02	7.00968854e-01	5.97317929e+04	2.96910073e+02	8.86015413e+00	-6.79343220e+04	1.58141686e-01	1.83125874e-05
3.37295577e-01	-1.16223089e-06	-2.99999994e-02	6.98754410e-01	5.95350985e+04	2.96870209e+02	7.19636206e+00	-6.87931433e+04	1.42333278e-01	1.83106916e-05
3.35772991e-01	-1.16240836e-06	-2.99999993e-02	6.96484158e-01	5.93332618e+04	2.96828150e+02	5.53923161e+00	-6.96993503e+04	1.24704409e-01	1.83086912e-05
3.34281698e-01	-1.16258213e-06	-2.99999994e-02	6.94163177e-01	5.91267542e+04	2.96784059e+02	3.89474663e+00	-7.06497978e+04	1.04420318e-01	1.83065940e-05
3.32821205e-01	-1.16275237e-06	-2.99999994e-02	6.91796703e-01	5.89160506e+04	2.96738052e+02	2.26594053e+00	-7.16411950e+04	7.95325854e-02	1.83044056e-05
3.31391052e-01	-1.16291909e-06	-2.99999994e-02	6.89390052e-01	5.87016339e+04	2.96690254e+02	6.56924067e-01	-7.26712664e+04	4.27601725e-02	1.83021318e-05
3.29990730e-01	-1.16308229e-06	-2.99999994e-02	6.86948214e-01	5.84839557e+04	2.96640773e+02	-9.26836049e-01	-7.37381348e+04	5.07140257e-02	1.82997778e-05
3.28619749e-01	-1.16324207e-06	-2.99999994e-02	6.84477198e-01	5.82635774e+04	2.96589836e+02	-2.48216254e+00	-7.48360492e+04	8.28660062e-02	1.82973542e-05
3.27277631e-01	-1.16339857e-06	-2.99999994e-02	6.81982017e-01	5.80409488e+04	2.96537542e+02	-4.00679025e+00	-7.59631005e+04	1.05119687e-01	1.82948659e-05
3.25963885e-01	-1.16355171e-06	-2.99999994e-02	6.79467820e-01	5.78165349e+04	2.96484006e+02	-5.49786421e+00	-7.71167340e+04	1.22941466e-01	1.82923183e-05
3.24678033e-01	-1.16370154e-06	-2.99999993e-02	6.76939738e-01	5.75907990e+04	2.96429348e+02	-6.95285958e+00	-7.82943404e+04	1.38035679e-01	1.82897170e-05
3.23419585e-01	-1.16384820e-06	-2.99999994e-02	6.74402381e-01	5.73641575e+04	2.96373677e+02	-8.36864163e+00	-7.94935125e+04	1.51195653e-01	1.82870673e-05
3.22188034e-01	-1.16399173e-06	-2.99999994e-02	6.71861041e-01	5.71370943e+04	2.96317155e+02	-9.74184357e+00	-8.07110470e+04	1.62865183e-01	1.82843769e-05
3.20982918e-01	-1.16413224e-06	-2.99999993e-02	6.69320992e-01	5.69100854e+04	2.96259915e+02	-1.10706404e+01	-8.19426880e+04	1.73337407e-01	1.82816520e-05
3.19803759e-01	-1.16426969e-06	-2.99999994e-02	6.66786862e-01	5.66835561e+04	2.96202117e+02	-1.23547919e+01	-8.31873611e+04	1.82815477e-01	1.82789003e-05
3.18650052e-01	-1.16440412e-06	-2.99999994e-02	6.64263026e-01	5.64578954e+04	2.96143843e+02	-1.35930102e+01	-8.44408465e+04	1.91446485e-01	1.82761257e-05
3.17521319e-01	-1.16453571e-06	-2.99999994e-02	6.61753683e-01	5.62334726e+04	2.96085159e+02	-1.47839713e+01	-8.57030880e+04	1.99332826e-01	1.82733313e-05
3.16417068e-01	-1.16466441e-06	-2.99999994e-02	6.59262430e-01	5.60106108e+04	2.96026155e+02	-1.59277383e+01	-8.69718014e+04	2.06564688e-01	1.82705214e-05
3.15336824e-01	-1.16479032e-06	-2.99999994e-02	6.56792816e-01	5.57896353e+04	2.95966960e+02	-1.70237202e+01	-8.82437858e+04	2.13209866e-01	1.82677021e-05
3.14280093e-01	-1.16491350e-06	-2.99999993e-02	6.54348695e-01	5.55708928e+04	2.95907679e+02	-1.80699741e+01	-8.95179658e+04	2.19310930e-01	1.82648785e-05
3.13246384e-01	-1.16503395e-06	-2.99999994e-02	6.51933559e-01	5.53546847e+04	2.95848347e+02	-1.90649980e+01	-9.07923927e+04	2.24910150e-01	1.82620521e-05
3.12235222e-01	-1.16515184e-06	-2.99999993e-02	6.49550809e-01	5.51413234e+04	2.95789096e+02	-2.00092945e+01	-9.20646104e+04	2.30050158e-01	1.82592293e-05
3.11246097e-01	-1.16526718e-06	-2.99999993e-02	6.47203289e-01	5.49310686e+04	2.95730035e+02	-2.09044830e+01	-9.33327241e+04	2.34772843e-01	1.82564153e-05
3.10278534e-01	-1.16537995e-06	-2.99999993e-02	6.44893292e-01	5.47241158e+04	2.95671181e+02	-2.17507643e+01	-9.45949809e+04	2.39111215e-01	1.82536109e-05
3.09332072e-01	-1.16549024e-06	-2.99999994e-02	6.42623366e-01	5.45206908e+04	2.95612599e+02	-2.25472889e+01	-9.58508952e+04	2.43082681e-01	1.82508192e-05
3.08406204e-01	-1.16559812e-06	-2.99999994e-02	6.40395703e-01	5.43209835e+04	2.95554325e+02	-2.32934801e+01	-9.71012904e+04	2.46701389e-01	1.82480419e-05
3.07500437e-01	-1.16570374e-06	-2.99999993e-02	6.38212600e-01	5.41252091e+04	2.95496483e+02	-2.39894485e+01	-9.83403454e+04	2.49994446e-01	1.82452849e-05
3.06614294e-01	-1.16580702e-06	-2.99999993e-02	6.36076077e-01	5.39335518e+04	2.95439162e+02	-2.46357467e+01	-9.95682791e+04	2.52975497e-01	1.82425525e-05
3.05747300e-01	-1.16590803e-06	-2.99999994e-02	6.33987803e-01	5.37461512e+04	2.95382370e+02	-2.52318197e+01	-1.00783847e+05	2.55658608e-01	1.82398451e-05
3.04898962e-01	-1.16600694e-06	-2.99999994e-02	6.31949662e-01	5.35631706e+04	2.95326143e+02	-2.57765988e+01	-1.01987994e+05	2.58046441e-01	1.82371643e-05
3.04068774e-01	-1.16610375e-06	-2.99999994e-02	6.29963417e-01	5.33847681e+04	2.95270551e+02	-2.62695565e+01	-1.03177505e+05	2.60151925e-01	1.82345136e-05
3.03256258e-01	-1.16619845e-06	-2.99999994e-02	6.28030817e-01	5.32111105e+04	2.95215714e+02	-2.67113019e+01	-1.04350376e+05	2.61986291e-01	1.82318986e-05
3.02460938e-01	-1.16629110e-06	-2.99999994e-02	6.26152971e-01	5.30422934e+04	2.95161664e+02	-2.71024052e+01	-1.05505952e+05	2.63560674e-01	1.82293210e-05
3.01682323e-01	-1.16638182e-06	-2.99999993e-02	6.24330964e-01	5.28784122e+04	2.95108443e+02	-2.74430655e+01	-1.06643366e+05	2.64883238e-01	1.82267826e-05
3.00919920e-01	-1.16647072e-06	-2.99999993e-02	6.22565689e-01	5.27195474e+04	2.95056098e+02	-2.77337317e+01	-1.07762300e+05	2.65960531e-01	1.82242859e-05
3.00173252e-01	-1.16655775e-06	-2.99999994e-02	6.20857963e-01	5.25657810e+04	2.95004722e+02	-2.79751757e+01	-1.08858649e+05	2.66806663e-01	1.82218351e-05
2.99441844e-01	-1.16664296e-06	-2.99999994e-02	6.19208158e-01	5.24171469e+04	2.94954354e+02	-2.81683588e+01	-1.09932999e+05	2.67426988e-01	1.82194322e-05
2.98725203e-01	-1.16672652e-06	-2.99999993e-02	6.17616558e-01	5.22736749e+04	2.94905047e+02	-2.83140157e+01	-1.10985775e+05	2.67824628e-01	1.82170797e-05
2.98022821e-01	-1.16680843e-06	-2.99999994e-02	6.16083271e-01	5.21353803e+04	2.94856858e+02	-2.84133082e+01	-1.12013501e+05	2.68013227e-01	1.82147804e-05
2.97334224e-01	-1.16688869e-06	-2.99999994e-02	6.14608164e-01	5.20022567e+04	2.94809836e+02	-2.84675524e+01	-1.13015901e+05	2.67999030e-01	1.82125366e-05
2.96658933e-01	-1.16696736e-06	-2.99999994e-02	6.13190917e-01	5.18742802e+04	2.94764022e+02	-2.84780971e+01	-1.13992981e+05	2.67787625e-01	1.82103503e-05
2.95996457e-01	-1.16704455e-06	-2.99999993e-02	6.11831065e-01	5.17514153e+04	2.94719459e+02	-2.84462495e+01	-1.14941250e+05	2.67391896e-01	1.82082235e-05
2.95346320e-01	-1.16712033e-06	-2.99999994e-02	6.10528011e-01	5.16336165e+04	2.94676195e+02	-2.83735762e+01	-1.15861459e+05	2.66815102e-01	1.82061586e-05
2.94708013e-01	-1.16719474e-06	-2.99999994e-02	6.09280983e-01	5.15208256e+04	2.94634293e+02	-2.82616597e+01	-1.16754903e+05	2.66058368e-01	1.82041585e-05
2.94081062e-01	-1.16726784e-06	-2.99999994e-02	6.08089386e-01	5.14130069e+04	2.94593856e+02	-2.81111037e+01	-1.17613080e+05	2.65138087e-01	1.82022282e-05
2.93464989e-01	-1.16733963e-06	-2.99999994e-02	6.06953124e-01	5.13101753e+04	2.94555035e+02	-2.79198034e+01	-1.18440219e+05	2.64026241e-01	1.82003750e-05
2.92859301e-01	-1.16741024e-06	-2.99999993e-02	6.05873342e-01	5.12124468e+04	2.94517961e+02	-2.76765018e+01	-1.19225894e+05	2.62685157e-01	1.81986050e-05
2.92263523e-01	-1.16747970e-06	-2.99999994e-02	6.04853920e-01	5.11201217e+04	2.94482494e+02	-2.73543304e+01	-1.19979928e+05	2.60969613e-01	1.81969117e-05
2.91677147e-01	-1.16754802e-06	-2.99999994e-02	6.03900716e-01	5.10335556e+04	2.94447849e+02	-2.69074570e+01	-1.20715257e+05	2.58663795e-01	1.81952575e-05
2.91099682e-01	-1.16761532e-06	-2.99999993e-02	6.03022875e-01	5.09531203e+04	2.94411725e+02	-2.62932711e+01	-1.21483218e+05	2.55545459e-01	1.81935326e-05
2.90530666e-01	-9.01255790e-07	-2.99999994e-02	6.02209967e-01	5.08779276e+04	2.94374086e+02	-2.53886072e+01	-1.22279905e+05	2.50985604e-01	1.81917353e-05
2.89969697e-01	4.20324247e-06	-2.99999994e-02	6.01683972e-01	5.08349275e+04	2.94382419e+02	-2.49766860e+01	-1.22121320e+05	2.48786574e-01	1.81921332e-05
2.89416328e-01	1.81270775e-05	-2.99999994e-02	6.00970798e-01	5.07720263e+04	2.94367073e+02	-2.53565367e+01	-1.22484505e+05	2.50462128e-01	1.81914003e-05
2.88870006e-01	3.61872308e-05	-2.99999994e-02	6.00051384e-01	5.06854927e+04	2.94315635e+02	-2.51243079e+01	-1.23575426e+05	2.49177339e-01	1.81889438e-05
2.88330182e-01	5.40328056e-05	-2.99999994e-02	5.99417897e-01	5.06285658e+04	2.94295772e+02	-2.41475029e+01	-1.24017295e+05	2.44136694e-01	1.81879952e-05
2.87796363e-01	7.16798640e-05	-2.99999994e-02	5.98893693e-01	5.05795335e+04	2.94268098e+02	-2.28542499e+01	-1.24626199e+05	2.37391508e-01	1.81866735e-05
2.87268073e-01	8.91444724e-05	-2.99999994e-02	5.98499455e-01	5.05395718e+04	2.94229289e+02	-2.09344928e+01	-1.25498707e+05	2.27075698e-01	1.81848197e-05
2.86745117e-01	1.10099620e-04	-2.99999994e-02	5.98324760e-01	5.05209525e+04	2.94206767e+02	-1.85113816e+01	-1.26101200e+05	2.13307983e-01	1.81837440e-05
2.86228836e-01	1.51998277e-04	-2.99999993e-02	5.98739105e-01	5.05711722e+04	2.94295418e+02	-1.81866571e+01	-1.24849695e+05	2.10353162e-01	1.81879783e-05
2.85720557e-01	2.28383869e-04	-2.99999994e-02	5.98467310e-01	5.05525441e+04	2.94320618e+02	-2.06693059e+01	-1.25476421e+05	2.22095398e-01	1.81891818e-05
2.85218537e-01	3.25113840e-04	-2.99999994e-02	5.97415466e-01	5.04477212e+04	2.94227455e+02	-2.17685047e+01	-1.28104937e+05	2.26710406e-01	1.81847321e-05
2.84720137e-01	4.24787795e-04	-2.99999994e-02	5.96754782e-01	5.03846972e+04	2.94185219e+02	-2.07383682e+01	-1.29157770e+05	2.20960948e-01	1.81827147e-05
2.84224778e-01	5.26188349e-04	-2.99999994e-02	5.96406600e-01	5.03537313e+04	2.94176055e+02	-1.97873078e+01	-1.29720445e+05	2.15174510e-01	1.81822769e-05
2.83732877e-01	6.33490127e-04	-2.99999994e-02	5.96106958e-01	5.03273173e+04	2.94169534e+02	-1.96272719e+01	-1.30654260e+05	2.12955653e-01	1.81819654e-05
2.83243850e-01	7.46383739e-04	-2.99999994e-02	5.95631553e-01	5.02805371e+04	2.94130672e+02	-1.96147965e+01	-1.31889857e+05	2.12214563e-01	1.81801089e-05
2.82756328e-01	8.60870583e-04	-2.99999993e-02	5.95181382e-01	5.02353908e+04	2.94088844e+02	-1.92014142e+01	-1.32767955e+05	2.09984796e-01	1.81781106e-05
2.82269404e-01	9.74942697e-04	-2.99999994e-02	5.94814348e-01	5.01981666e+04	2.94052261e+02	-1.87453907e+01	-1.33694267e+05	2.07249990e-01	1.81763627e-05
2.81782449e-01	1.08811964e-03	-2.99999994e-02	5.94452769e-01	5.01601939e+04	2.94008547e+02	-1.83352660e+01	-1.34740536e+05	2.04811174e-01	1.81742740e-05
2.81294971e-01	1.20044779e-03	-2.99999993e-02	5.94120240e-01	5.01247159e+04	2.93965036e+02	-1.80183606e+01	-1.35817270e+05	2.02829870e-01	1.81721949e-05
2.80806646e-01	1.31262740e-03	-2.99999994e-02	5.93782297e-01	5.00883648e+04	2.93919034e+02	-1.78793605e+01	-1.37200783e+05	2.01475873e-01	1.81699965e-05
2.80317009e-01	1.42488390e-03	-2.99999994e-02	5.93404762e-01	5.00475925e+04	2.93866626e+02	-1.78407871e+01	-1.38490739e+05	2.01038235e-01	1.81674918e-05
2.79825464e-01	1.53672730e-03	-2.99999993e-02	5.92994926e-01	5.00033182e+04	2.93809579e+02	-1.77865055e+01	-1.39631511e+05	2.00874578e-01	1.81647652e-05
2.79331506e-01	1.64808600e-03	-2.99999994e-02	5.92579832e-01	4.99588917e+04	2.93754164e+02	-1.77712901e+01	-1.40966986e+05	2.00596573e-01	1.81621163e-05
2.78834775e-01	1.75966072e-03	-2.99999994e-02	5.92140661e-01	4.99125666e+04	2.93699442e+02	-1.78598827e+01	-1.42346145e+05	2.00817919e-01	1.81595004e-05
2.78334841e-01	1.87174015e-03	-2.99999993e-02	5.91644437e-01	4.98608777e+04	2.93641367e+02	-1.80117118e+01	-1.43772144e+05	2.01425464e-01	1.81567238e-05
2.77831108e-01	1.98381551e-03	-2.99999993e-02	5.91102722e-01	4.98051231e+04	2.93581822e+02	-1.80929162e+01	-1.45390072e+05	2.01409608e-01	1.81538767e-05
2.77323037e-01	2.09577894e-03	-2.99999993e-02	5.90544530e-01	4.97487745e+04	2.93526853e+02	-1.81410910e+01	-1.46520314e+05	2.01740495e-01	1.81512482e-05
2.76810303e-01	2.20834068e-03	-2.99999993e-02	5.89955530e-01	4.96905223e+04	2.93475863e+02	-1.82674843e+01	-1.47824464e+05	2.02135788e-01	1.81488097e-05
2.76292459e-01	2.32173444e-03	-2.99999994e-02	5.89304997e-01	4.96269649e+04	2.93424042e+02	-1.83915208e+01	-1.49334472e+05	2.02253154e-01	1.81463313e-05
2.75768876e-01	2.43542343e-03	-2.99999993e-02	5.88610826e-01	4.95601390e+04	2.93374507e+02	-1.84372602e+01	-1.50331891e+05	2.02556806e-01	1.81439620e-05
2.75239081e-01	2.54941860e-03	-2.99999994e-02	5.87892114e-01	4.94923737e+04	2.93331533e+02	-1.84915640e+01	-1.51422020e+05	2.02576962e-01	1.81419063e-05
2.74702713e-01	2.66444893e-03	-2.99999994e-02	5.87126563e-01	4.94213082e+04	2.93292266e+02	-1.85916343e+01	-1.52472390e+05	2.02780742e-01	1.81400279e-05
2.74159282e-01	2.78050103e-03	-2.99999993e-02	5.86290474e-01	4.93443330e+04	2.93253057e+02	-1.86685514e+01	-1.53471288e+05	2.02912626e-01	1.81381521e-05
2.73608178e-01	2.89700122e-03	-2.99999994e-02	5.85413648e-01	4.92648418e+04	2.93219165e+02	-1.86777004e+01	-1.54549601e+05	2.02407152e-01	1.81365306e-05
2.73048967e-01	3.01430782e-03	-2.99999993e-02	5.84497637e-01	4.91832583e+04	2.93192354e+02	-1.87177207e+01	-1.55310456e+05	2.02270047e-01	1.81352478e-05
2.72481293e-01	3.13306530e-03	-2.99999994e-02	5.83510946e-01	4.90962708e+04	2.93168700e+02	-1.88023035e+01	-1.56011850e+05	2.02345354e-01	1.81341160e-05
2.71904573e-01	3.25286063e-03	-2.99999994e-02	5.82447856e-01	4.90033411e+04	2.93147870e+02	-1.88314399e+01	-1.56593552e+05	2.02180577e-01	1.81331193e-05
2.71318242e-01	3.37329810e-03	-2.99999994e-02	5.81331324e-01	4.89072722e+04	2.93135097e+02	-1.88382312e+01	-1.57017199e+05	2.01853617e-01	1.81325081e-05
2.70721957e-01	3.49516084e-03	-2.99999994e-02	5.80141525e-01	4.88061229e+04	2.93128780e+02	-1.88833775e+01	-1.57353847e+05	2.01641886e-01	1.81322058e-05
2.70115241e-01	3.61852802e-03	-2.99999994e-02	5.78858541e-01	4.86979634e+04	2.93127427e+02	-1.89053904e+01	-1.57516537e+05	2.01367640e-01	1.81321411e-05
2.69497454e-01	3.74273805e-03	-2.99999994e-02	5.77497098e-01	4.85847520e+04	2.93135413e+02	-1.89106428e+01	-1.57464136e+05	2.00991774e-01	1.81325232e-05
2.68868223e-01	3.86832073e-03	-2.99999994e-02	5.76028720e-01	4.84637881e+04	2.93150962e+02	-1.89263508e+01	-1.57303784e+05	2.00568808e-01	1.81332672e-05
2.68227116e-01	3.99559340e-03	-2.99999994e-02	5.74453310e-01	4.83354546e+04	2.93176513e+02	-1.89113956e+01	-1.56889482e+05	1.99995010e-01	1.81344898e-05
2.67573506e-01	4.12399042e-03	-2.99999994e-02	5.72769417e-01	4.82001528e+04	2.93215347e+02	-1.89025638e+01	-1.56149425e+05	1.99459614e-01	1.81363479e-05
2.66906977e-01	4.25380771e-03	-2.99999994e-02	5.70931647e-01	4.80532810e+04	2.93262837e+02	-1.88954821e+01	-1.55243839e+05	1.98861704e-01	1.81386200e-05
2.66227097e-01	4.38535377e-03	-2.99999994e-02	5.68953200e-01	4.78970298e+04	2.93325717e+02	-1.88311562e+01	-1.53980594e+05	1.97939656e-01	1.81416281e-05
2.65533283e-01	4.51814663e-03	-2.99999994e-02	5.66827631e-01	4.77314160e+04	2.93407634e+02	-1.87969788e+01	-1.52260305e+05	1.97170352e-01	1.81455465e-05
2.64825091e-01	4.65252391e-03	-2.99999994e-02	5.64475600e-01	4.75481780e+04	2.93499123e+02	-1.87453688e+01	-1.50364393e+05	1.96206750e-01	1.81499221e-05
2.64102057e-01	4.78863437e-03	-2.99999993e-02	5.61943572e-01	4.73535249e+04	2.93614641e+02	-1.86194273e+01	-1.47896041e+05	1.94838920e-01	1.81554460e-05
2.63363600e-01	4.92593926e-03	-2.99999993e-02	5.59185758e-01	4.71432849e+04	2.93752683e+02	-1.85734276e+01	-1.44899275e+05	1.93851354e-01	1.81620455e-05
2.62609303e-01	5.06493519e-03	-2.99999994e-02	5.56091506e-01	4.69056552e+04	2.93898283e+02	-1.84629767e+01	-1.41762584e+05	1.92411890e-01	1.81690048e-05
2.61838689e-01	5.20563405e-03	-2.99999994e-02	5.52767908e-01	4.66535354e+04	2.94076176e+02	-1.83080448e+01	-1.37835718e+05	1.90743712e-01	1.81775053e-05
2.61051208e-01	5.34766237e-03	-2.99999993e-02	5.49026234e-01	4.63664514e+04	2.94258397e+02	-1.82159776e+01	-1.33810758e+05	1.89313828e-01	1.81862101e-05
2.60246411e-01	5.49132656e-03	-2.99999994e-02	5.44880049e-01	4.60475953e+04	2.94458538e+02	-1.80977861e+01	-1.29365615e+05	1.87666214e-01	1.81957679e-05
2.59423778e-01	5.63644036e-03	-2.99999994e-02	5.40209374e-01	4.56845343e+04	2.94662717e+02	-1.81123575e+01	-1.24797438e+05	1.86638203e-01	1.82055153e-05
2.58582830e-01	5.78310457e-03	-2.99999994e-02	5.34800589e-01	4.52546673e+04	2.94842173e+02	-1.81266919e+01	-1.20818069e+05	1.85441777e-01	1.82140797e-05
2.57723078e-01	5.93131478e-03	-2.99999994e-02	5.28599182e-01	4.47535839e+04	2.94998248e+02	-1.81381362e+01	-1.17335071e+05	1.84149845e-01	1.82215262e-05
2.56844014e-01	6.08097133e-03	-2.99999993e-02	5.21093836e-01	4.41292415e+04	2.95072428e+02	-1.81265197e+01	-1.15754327e+05	1.82527535e-01	1.82250648e-05
2.55945146e-01	6.23206329e-03	-2.99999994e-02	5.11851104e-01	4.33462969e+04	2.95070953e+02	-1.78303470e+01	-1.15938356e+05	1.79186373e-01	1.82249944e-05
2.55025968e-01	6.38436968e-03	-2.99999994e-02	4.99706851e-01	4.22919846e+04	2.94890557e+02	-1.68680206e+01	-1.20271789e+05	1.72074681e-01	1.82163884e-05
2.54085987e-01	6.53798226e-03	-2.99999994e-02	4.83047071e-01	4.08136867e+04	2.94397743e+02	-1.33165346e+01	-1.31864580e+05	1.50328965e-01	1.81928649e-05
2.53124699e-01	6.69282116e-03	-2.99999994e-02	4.59628053e-01	3.87107471e+04	2.93456092e+02	-2.57952399e+00	-1.53851867e+05	6.46137455e-02	1.81478641e-05
2.52141625e-01	6.84881863e-03	-2.99999993e-02	4.29368603e-01	3.59692900e+04	2.91890315e+02	2.40965773e+01	-1.90112239e+05	1.91427441e-01	1.80728820e-05
2.51136258e-01	7.00594741e-03	-2.99999994e-02	3.99592015e-01	3.33340769e+04	2.90662989e+02	7.16655266e+01	-2.18439443e+05	3.19122774e-01	1.80139719e-05
2.50108093e-01	7.16406899e-03	-2.99999994e-02	3.84720350e-01	3.20988811e+04	2.90711918e+02	1.12017259e+02	-2.17612306e+05	3.90908459e-01	1.80163227e-05
2.49056637e-01	7.32313423e-03	-2.99999994e-02	3.81125136e-01	3.17599116e+04	2.90355325e+02	1.28243986e+02	-2.26057973e+05	4.16138117e-01	1.79991856e-05
2.47981384e-01	7.48300809e-03	-2.99999994e-02	3.82524927e-01	3.18816582e+04	2.90401773e+02	1.32826738e+02	-2.25295147e+05	4.23671500e-01	1.80014183e-05
2.46881812e-01	7.64339720e-03	-2.99999994e-02	3.85709688e-01	3.21489436e+04	2.90418490e+02	1.32902419e+02	-2.25182790e+05	4.25023480e-01	1.80022219e-05
2.45757446e-01	7.80439214e-03	-2.99999994e-02	3.88774198e-01	3.24044853e+04	2.90419516e+02	1.32633266e+02	-2.25446611e+05	4.25731858e-01	1.80022712e-05
2.44607784e-01	7.96582456e-03	-2.99999994e-02	3.92273934e-01	3.27079896e+04	2.90524327e+02	1.32521976e+02	-2.23333939e+05	4.26787278e-01	1.80073087e-05
2.43432336e-01	8.12764233e-03	-2.99999993e-02	3.95266363e-01	3.29604575e+04	2.90550400e+02	1.32616907e+02	-2.23153437e+05	4.27731925e-01	1.80085617e-05
2.42230587e-01	8.28966545e-03	-2.99999993e-02	3.98827575e-01	3.32700055e+04	2.90660354e+02	1.33008535e+02	-2.20860729e+05	4.29696381e-01	1.80138453e-05
2.41002009e-01	8.45154002e-03	-2.99999994e-02	4.02303654e-01	3.35666109e+04	2.90717798e+02	1.32884188e+02	-2.19685306e+05	4.31003795e-01	1.80166052e-05
2.39746146e-01	8.61336943e-03	-2.99999994e-02	4.05716483e-01	3.38559790e+04	2.90757434e+02	1.33214317e+02	-2.19118941e+05	4.32630223e-01	1.80185094e-05
2.38462456e-01	8.77467217e-03	-2.99999994e-02	4.09700339e-01	3.42029081e+04	2.90880638e+02	1.33236557e+02	-2.16599553e+05	4.33979491e-01	1.80244275e-05
2.37150453e-01	8.93544219e-03	-2.99999993e-02	4.13170820e-01	3.44970234e+04	2.90917659e+02	1.33082383e+02	-2.16091779e+05	4.34812570e-01	1.80262056e-05
2.35809661e-01	9.09568835e-03	-2.99999994e-02	4.16933700e-01	3.48193033e+04	2.90985388e+02	1.33634101e+02	-2.14763003e+05	4.37116483e-01	1.80294582e-05
2.34439522e-01	9.25463438e-03	-2.99999993e-02	4.21241197e-01	3.51939393e+04	2.91108674e+02	1.33644798e+02	-2.12173183e+05	4.38666966e-01	1.80353781e-05
2.33039558e-01	9.41230171e-03	-2.99999994e-02	4.25149368e-01	3.55270849e+04	2.91162969e+02	1.33244343e+02	-2.11205587e+05	4.39352986e-01	1.80379848e-05
2.31609315e-01	9.56891849e-03	-2.99999993e-02	4.28971252e-01	3.58523009e+04	2.91210445e+02	1.33616388e+02	-2.10345115e+05	4.41362948e-01	1.80402639e-05
2.30148248e-01	9.72371781e-03	-2.99999993e-02	4.33437652e-01	3.62409206e+04	2.91333676e+02	1.34089890e+02	-2.07773104e+05	4.43633539e-01	1.80461789e-05
2.28655815e-01	9.87611525e-03	-2.99999994e-02	4.38078928e-01	3.66409237e+04	2.91428589e+02	1.33713432e+02	-2.05710701e+05	4.44914535e-01	1.80507338e-05
2.27131575e-01	1.00263921e-02	-2.99999994e-02	4.42333875e-01	3.70046486e+04	2.91490353e+02	1.33359929e+02	-2.04438431e+05	4.46019870e-01	1.80536975e-05
2.25575075e-01	1.01745981e-02	-2.99999993e-02	4.46520552e-01	3.73624487e+04	2.91549285e+02	1.33699120e+02	-2.03418697e+05	4.47821571e-01	1.80565250e-05
2.23985754e-01	1.03198765e-02	-2.99999993e-02	4.51360327e-01	3.77815912e+04	2.91658719e+02	1.34230503e+02	-2.01075782e+05	4.50482290e-01	1.80617749e-05
2.22363069e-01	1.04613951e-02	-2.99999993e-02	4.56594869e-01	3.82349865e+04	2.91774959e+02	1.33974798e+02	-1.98463242e+05	4.52222842e-01	1.80673502e-05
2.20706582e-01	1.05992370e-02	-2.99999994e-02	4.61489353e-01	3.86543320e+04	2.91846567e+02	1.33542656e+02	-1.96974531e+05	4.53355324e-01	1.80707842e-05
2.19015829e-01	1.07334499e-02	-2.99999993e-02	4.66387349e-01	3.90760156e+04	2.91931942e+02	1.33460005e+02	-1.95157188e+05	4.55041325e-01	1.80748780e-05
2.17290305e-01	1.08635914e-02	-2.99999994e-02	4.71402328e-01	3.95082980e+04	2.92021415e+02	1.33466875e+02	-1.93239246e+05	4.56909922e-01	1.80791676e-05
2.15529524e-01	1.09892040e-02	-2.99999994e-02	4.76584969e-01	3.99550555e+04	2.92112069e+02	1.33454002e+02	-1.91332621e+05	4.58698684e-01	1.80835132e-05
2.13732995e-01	1.11098201e-02	-2.99999994e-02	4.81933886e-01	4.04161024e+04	2.92203268e+02	1.33422224e+02	-1.89364495e+05	4.60616299e-01	1.80878843e-05
2.11900219e-01	1.12249167e-02	-2.99999994e-02	4.87492145e-01	4.08955309e+04	2.92298328e+02	1.33392407e+02	-1.87256612e+05	4.62716175e-01	1.80924397e-05
2.10030705e-01	1.13338982e-02	-2.99999994e-02	4.93321062e-01	4.13994444e+04	2.92403763e+02	1.33242247e+02	-1.84863743e+05	4.64782751e-01	1.80974915e-05
2.08123989e-01	1.14362989e-02	-2.99999994e-02	4.99260265e-01	4.19125137e+04	2.92506020e+02	1.32930100e+02	-1.82578253e+05	4.66504774e-01	1.81023901e-05
2.06179612e-01	1.15318167e-02	-2.99999994e-02	5.05210053e-01	4.24259565e+04	2.92602318e+02	1.32612431e+02	-1.80421905e+05	4.68222167e-01	1.81070025e-05
2.04197093e-01	1.16200489e-02	-2.99999994e-02	5.11257463e-01	4.29485378e+04	2.92702765e+02	1.32352989e+02	-1.78099174e+05	4.70219448e-01	1.81118129e-05
2.02175974e-01	1.17004770e-02	-2.99999993e-02	5.17436379e-01	4.34826995e+04	2.92804429e+02	1.32075426e+02	-1.75787182e+05	4.72101046e-01	1.81166808e-05
2.00115793e-01	1.17725730e-02	-2.99999993e-02	5.23727455e-01	4.40260730e+04	2.92902252e+02	1.31829104e+02	-1.73521475e+05	4.74179861e-01	1.81213639e-05
1.98016085e-01	1.18356654e-02	-2.99999994e-02	5.30283500e-01	4.45934876e+04	2.93009316e+02	1.31615199e+02	-1.70977674e+05	4.76545966e-01	1.81264886e-05
1.95876398e-01	1.18889953e-02	-2.99999993e-02	5.37140059e-01	4.51878624e+04	2.93124661e+02	1.31245368e+02	-1.68205577e+05	4.78803075e-01	1.81320087e-05
1.93696291e-01	1.19320154e-02	-2.99999993e-02	5.44102809e-01	4.57903977e+04	2.93232127e+02	1.30725597e+02	-1.65652568e+05	4.80720100e-01	1.81371507e-05
1.91475324e-01	1.19642782e-02	-2.99999994e-02	5.51173406e-01	4.64027449e+04	2.93341508e+02	1.30185205e+02	-1.63042712e+05	4.82632873e-01	1.81423835e-05
1.89213067e-01	1.19853573e-02	-2.99999994e-02	5.58338362e-01	4.70241434e+04	2.93455010e+02	1.29447709e+02	-1.60300263e+05	4.84270631e-01	1.81478124e-05
1.86909087e-01	1.19950338e-02	-2.99999993e-02	5.65096567e-01	4.76042294e+04	2.93522213e+02	1.29132630e+02	-1.58641931e+05	4.86637330e-01	1.81510263e-05
1.84562966e-01	1.19919637e-02	-2.99999994e-02	5.72795464e-01	4.82725743e+04	2.93642554e+02	1.29422590e+02	-1.55676438e+05	4.90548603e-01	1.81567806e-05
1.82174303e-01	1.19742066e-02	-2.99999994e-02	5.81985986e-01	4.90831472e+04	2.93858311e+02	1.28359861e+02	-1.50452867e+05	4.92238635e-01	1.81670944e-05
1.79742671e-01	1.19424769e-02	-2.99999993e-02	5.89748678e-01	4.97470232e+04	2.93912614e+02	1.26825524e+02	-1.49044150e+05	4.92799413e-01	1.81696897e-05
1.77267671e-01	1.18968221e-02	-2.99999994e-02	5.97613304e-01	5.04285094e+04	2.94018039e+02	1.26427792e+02	-1.46350404e+05	4.95676695e-01	1.81747276e-05
1.74748935e-01	1.18350913e-02	-2.99999994e-02	6.06382559e-01	5.11953907e+04	2.94172630e+02	1.25807689e+02	-1.42518429e+05	4.98248429e-01	1.81821133e-05
1.72186084e-01	1.17565523e-02	-2.99999994e-02	6.14925609e-01	5.19294423e+04	2.94245061e+02	1.25197661e+02	-1.40671591e+05	5.00796366e-01	1.81855731e-05
1.69578806e-01	1.16593884e-02	-2.99999994e-02	6.25187804e-01	5.28291151e+04	2.94429243e+02	1.24894880e+02	-1.36103877e+05	5.04590104e-01	1.81943691e-05
1.66926771e-01	1.15422136e-02	-2.99999993e-02	6.36758531e-01	5.38457647e+04	2.94642153e+02	1.23017714e+02	-1.30780599e+05	5.05866146e-01	1.82045337e-05
1.64229468e-01	1.14076184e-02	-2.99999993e-02	6.47466546e-01	5.47722502e+04	2.94755116e+02	1.20416263e+02	-1.27861970e+05	5.05316111e-01	1.82099253e-05
1.61486440e-01	1.12568499e-02	-2.99999993e-02	6.57469277e-01	5.56345700e+04	2.94840661e+02	1.19093042e+02	-1.25558268e+05	5.07279312e-01	1.82140075e-05
1.58697501e-01	1.10864449e-02	-2.99999994e-02	6.69708106e-01	5.67175902e+04	2.95087164e+02	1.18064220e+02	-1.19396342e+05	5.10458747e-01	1.82257677e-05
1.55862212e-01	1.08968071e-02	-2.99999993e-02	6.83080477e-01	5.79008209e+04	2.95345903e+02	1.14578981e+02	-1.12916735e+05	5.08724844e-01	1.82381065e-05
1.52979560e-01	1.06963190e-02	-2.99999994e-02	6.94491167e-01	5.88938699e+04	2.95475495e+02	1.10247158e+02	-1.09523799e+05	5.04309378e-01	1.82442845e-05
1.50048643e-01	1.04913665e-02	-2.99999994e-02	7.04033544e-01	5.97292164e+04	2.95604859e+02	1.06904575e+02	-1.06172541e+05	5.01040520e-01	1.82504503e-05
1.47068910e-01	1.02830003e-02	-2.99999993e-02	7.12271873e-01	6.04525057e+04	2.95724030e+02	1.04341917e+02	-1.03030911e+05	4.99156702e-01	1.82561292e-05
1.44039876e-01	1.00711868e-02	-2.99999994e-02	7.19634109e-01	6.10990488e+04	2.95829046e+02	1.02269036e+02	-1.00242622e+05	4.97998951e-01	1.82611326e-05
1.40961058e-01	9.85589204e-03	-2.99999993e-02	7.26380004e-01	6.16910826e+04	2.95921565e+02	1.00467323e+02	-9.77859781e+04	4.97082871e-01	1.82655399e-05
1.37831971e-01	9.63708200e-03	-2.99999994e-02	7.32666792e-01	6.22426165e+04	2.96005265e+02	9.88667822e+01	-9.55258396e+04	4.96549973e-01	1.82695265e-05
1.34652122e-01	9.41472221e-03	-2.99999993e-02	7.38596838e-01	6.27625869e+04	2.96081652e+02	9.73862476e+01	-9.34532532e+04	4.96110705e-01	1.82731643e-05
1.31421030e-01	9.18877917e-03	-2.99999993e-02	7.44235525e-01	6.32570902e+04	2.96153532e+02	9.60315096e+01	-9.14999913e+04	4.95816016e-01	1.82765871e-05
1.28138214e-01	8.95921886e-03	-2.99999993e-02	7.49634473e-01	6.37305634e+04	2.96221319e+02	9.47698689e+01	-8.96314217e+04	4.95743835e-01	1.82798146e-05
1.24803182e-01	8.72600731e-03	-2.99999994e-02	7.54831586e-01	6.41863313e+04	2.96285632e+02	9.35780837e+01	-8.78549157e+04	4.95733687e-01	1.82828763e-05
1.21415455e-01	8.48911097e-03	-2.99999994e-02	7.59856576e-01	6.46268908e+04	2.96346457e+02	9.24361949e+01	-8.61603032e+04	4.95805453e-01	1.82857717e-05
1.17974545e-01	8.24849586e-03	-2.99999993e-02	7.64730043e-01	6.50542631e+04	2.96405128e+02	9.13571273e+01	-8.45355767e+04	4.95891508e-01	1.82885643e-05
1.14479967e-01	8.00412800e-03	-2.99999993e-02	7.69472613e-01	6.54700725e+04	2.96461129e+02	9.03157124e+01	-8.29808789e+04	4.96000858e-01	1.82912296e-05
1.10931237e-01	7.75597315e-03	-2.99999993e-02	7.74097895e-01	6.58756368e+04	2.96515256e+02	8.93153871e+01	-8.14626508e+04	4.96238984e-01	1.82938054e-05
1.07327868e-01	7.50399777e-03	-2.99999994e-02	7.78619507e-01	6.62720843e+04	2.96567430e+02	8.83480918e+01	-8.00087633e+04	4.96432916e-01	1.82962881e-05
1.03669379e-01	7.24816765e-03	-2.99999993e-02	7.83046894e-01	6.66602442e+04	2.96617815e+02	8.74096649e+01	-7.85774557e+04	4.96810120e-01	1.82986855e-05
9.99552830e-02	6.98844903e-03	-2.99999994e-02	7.87389651e-01	6.70410420e+04	2.96666943e+02	8.65116189e+01	-7.71838889e+04	4.97239463e-01	1.83010228e-05
9.61850919e-02	6.72480814e-03	-2.99999993e-02	7.91657539e-01	6.74151824e+04	2.96714292e+02	8.56291239e+01	-7.58566126e+04	4.97545101e-01	1.83032753e-05
9.23583247e-02	6.45721052e-03	-2.99999994e-02	7.95856676e-01	6.77833310e+04	2.96760536e+02	8.47750958e+01	-7.45399273e+04	4.98027442e-01	1.83054751e-05
8.84744934e-02	6.18562288e-03	-2.99999993e-02	7.99995384e-01	6.81461152e+04	2.96805350e+02	8.39383927e+01	-7.32720096e+04	4.98455835e-01	1.83076068e-05
8.45331140e-02	5.91001101e-03	-2.99999994e-02	8.04079281e-01	6.85041033e+04	2.96849155e+02	8.31244242e+01	-7.20273085e+04	4.98954636e-01	1.83096902e-05
8.05337019e-02	5.63034089e-03	-2.99999994e-02	8.08115516e-01	6.88578814e+04	2.96891876e+02	8.23304722e+01	-7.08083497e+04	4.99514764e-01	1.83117220e-05
7.64757693e-02	5.34657901e-03	-2.99999994e-02	8.12111002e-01	6.92080187e+04	2.96933451e+02	8.15521905e+01	-6.96390123e+04	4.99965808e-01	1.83136991e-05
4.99999986e-01	-1.14326656e-06	-2.99999994e-02	7.23664195e-01	6.16433299e+04	2.96802195e+02	5.82748875e+01	-7.14413960e+04	4.05535387e-01	1.83074567e-05
4.95785639e-01	-1.14375780e-06	-2.99999994e-02	7.23641775e-01	6.16427339e+04	2.96808521e+02	5.74125833e+01	-7.12706224e+04	4.02683914e-01	1.83077576e-05
4.91616145e-01	-1.14424381e-06	-2.99999994e-02	7.24290322e-01	6.17011214e+04	2.96823635e+02	5.72576198e+01	-7.09057637e+04	4.02475417e-01	1.83084764e-05
4.87506152e-01	-1.14472283e-06	-2.99999994e-02	7.24788080e-01	6.17471916e+04	2.96841263e+02	5.69415651e+01	-7.04859703e+04	4.01650654e-01	1.83093149e-05
4.83455166e-01	-1.14519498e-06	-2.99999994e-02	7.25302595e-01	6.17937398e+04	2.96854305e+02	5.66235849e+01	-7.01683755e+04	4.00821427e-01	1.83099352e-05
4.79462698e-01	-1.14566035e-06	-2.99999993e-02	7.25793780e-01	6.18383826e+04	2.96867724e+02	5.62912803e+01	-6.98430942e+04	3.99927371e-01	1.83105734e-05
4.75528270e-01	-1.14611896e-06	-2.99999994e-02	7.26267659e-01	6.18815232e+04	2.96880992e+02	5.59555991e+01	-6.95218151e+04	3.99009210e-01	1.83112044e-05
4.71651390e-01	-1.14657081e-06	-2.99999993e-02	7.26722660e-01	6.19230750e+04	2.96894338e+02	5.56153808e+01	-6.91994637e+04	3.98062010e-01	1.83118391e-05
4.67831567e-01	-1.14701601e-06	-2.99999993e-02	7.27159727e-01	6.19630870e+04	2.96907611e+02	5.52698982e+01	-6.88793368e+04	3.97083456e-01	1.83124703e-05
4.64068323e-01	-1.14745467e-06	-2.99999994e-02	7.27579198e-01	6.20015831e+04	2.96920790e+02	5.49185223e+01	-6.85619170e+04	3.96071236e-01	1.83130971e-05
4.60361168e-01	-1.14788679e-06	-2.99999993e-02	7.27981287e-01	6.20385796e+04	2.96933866e+02	5.45596134e+01	-6.82473859e+04	3.95019260e-01	1.83137189e-05
4.56709608e-01	-1.14831238e-06	-2.99999994e-02	7.28365873e-01	6.20740772e+04	2.96946893e+02	5.41896852e+01	-6.79345413e+04	3.93914463e-01	1.83143384e-05
4.53113184e-01	-1.14873154e-06	-2.99999994e-02	7.28732856e-01	6.21080707e+04	2.96959888e+02	5.38084125e+01	-6.76229815e+04	3.92755186e-01	1.83149563e-05
4.49571386e-01	-1.14914439e-06	-2.99999993e-02	7.29082590e-01	6.21405840e+04	2.96972822e+02	5.34187050e+01	-6.73133630e+04	3.91551758e-01	1.83155713e-05
4.46083724e-01	-1.14955094e-06	-2.99999993e-02	7.29414712e-01	6.21715848e+04	2.96985689e+02	5.30205838e+01	-6.70057744e+04	3.90303781e-01	1.83161832e-05
4.42649737e-01	-1.14995118e-06	-2.99999994e-02	7.29728865e-01	6.22010446e+04	2.96998500e+02	5.26127396e+01	-6.66999905e+04	3.89005915e-01	1.83167923e-05
4.39268917e-01	-1.15034522e-06	-2.99999994e-02	7.30024352e-01	6.22288944e+04	2.97011210e+02	5.21928438e+01	-6.63969976e+04	3.87648938e-01	1.83173967e-05
4.35940772e-01	-1.15073311e-06	-2.99999993e-02	7.30300686e-01	6.22550688e+04	2.97023705e+02	5.17560618e+01	-6.60992574e+04	3.86214206e-01	1.83179908e-05
4.32664842e-01	-1.15111493e-06	-2.99999994e-02	7.30556836e-01	6.22795377e+04	2.97036264e+02	5.12924826e+01	-6.58006541e+04	3.84663131e-01	1.83185879e-05
4.29440617e-01	-1.15149072e-06	-2.99999994e-02	7.30792563e-01	6.23022501e+04	2.97048741e+02	5.08103177e+01	-6.55044879e+04	3.83024650e-01	1.83191811e-05
4.26267623e-01	-1.15186055e-06	-2.99999994e-02	7.31006866e-01	6.23231265e+04	2.97061165e+02	5.03116870e+01	-6.52096973e+04	3.81307813e-01	1.83197718e-05
4.23145383e-01	-1.15222452e-06	-2.99999993e-02	7.31198418e-01	6.23420569e+04	2.97073551e+02	4.97957546e+01	-6.49165383e+04	3.79504452e-01	1.83203607e-05
4.20073390e-01	-1.15258257e-06	-2.99999993e-02	7.31365731e-01	6.23589107e+04	2.97085884e+02	4.92613135e+01	-6.46249431e+04	3.77610819e-01	1.83209471e-05
4.17051166e-01	-1.15293483e-06	-2.99999994e-02	7.31506968e-01	6.23735228e+04	2.97098124e+02	4.87076061e+01	-6.43358830e+04	3.75621701e-01	1.83215290e-05
4.14078221e-01	-1.15328135e-06	-2.99999994e-02	7.31620935e-01	6.23857935e+04	2.97110283e+02	4.81337524e+01	-6.40490849e+04	3.73531970e-01	1.83221070e-05
4.11154077e-01	-1.15362212e-06	-2.99999994e-02	7.31705348e-01	6.23955041e+04	2.97122248e+02	4.75387323e+01	-6.37670307e+04	3.71335607e-01	1.83226758e-05
4.08278242e-01	-1.15395733e-06	-2.99999994e-02	7.31758200e-01	6.24024837e+04	2.97134022e+02	4.69214494e+01	-6.34896235e+04	3.69026111e-01	1.83232356e-05
4.05450225e-01	-1.15428697e-06	-2.99999993e-02	7.31776820e-01	6.24064855e+04	2.97145515e+02	4.62808659e+01	-6.32188319e+04	3.66596860e-01	1.83237819e-05
4.02669549e-01	-1.15461109e-06	-2.99999994e-02	7.31758425e-01	6.24072530e+04	2.97156640e+02	4.56165507e+01	-6.29565995e+04	3.64043402e-01	1.83243108e-05
3.99935722e-01	-1.15492975e-06	-2.99999993e-02	7.31700964e-01	6.24046080e+04	2.97167380e+02	4.49275425e+01	-6.27033515e+04	3.61358410e-01	1.83248213e-05
3.97248269e-01	-1.15524301e-06	-2.99999993e-02	7.31602301e-01	6.23983520e+04	2.97177661e+02	4.42118741e+01	-6.24602612e+04	3.58533575e-01	1.83253100e-05
3.94606695e-01	-1.15555087e-06	-2.99999993e-02	7.31459362e-01	6.23881988e+04	2.97187369e+02	4.34672614e+01	-6.22305104e+04	3.55551935e-01	1.83257715e-05
3.92010510e-01	-1.15585345e-06	-2.99999994e-02	7.31269085e-01	6.23738892e+04	2.97196516e+02	4.26912478e+01	-6.20134898e+04	3.52401211e-01	1.83262063e-05
3.89459237e-01	-1.15615085e-06	-2.99999994e-02	7.31027882e-01	6.23550781e+04	2.97204916e+02	4.18822776e+01	-6.18128727e+04	3.49072349e-01	1.83266056e-05
3.86952386e-01	-1.15644303e-06	-2.99999994e-02	7.30732303e-01	6.23314919e+04	2.97212670e+02	4.10377808e+01	-6.16271969e+04	3.45544962e-01	1.83269741e-05
3.84489462e-01	-1.15673009e-06	-2.99999994e-02	7.30378946e-01	6.23027917e+04	2.97219545e+02	4.01566365e+01	-6.14611524e+04	3.41810541e-01	1.83273009e-05
3.82069990e-01	-1.15701209e-06	-2.99999993e-02	7.29964434e-01	6.22687078e+04	2.97225630e+02	3.92358046e+01	-6.13125416e+04	3.37850578e-01	1.83275902e-05
3.79693493e-01	-1.15728909e-06	-2.99999993e-02	7.29485283e-01	6.22288981e+04	2.97230710e+02	3.82740899e+01	-6.11862933e+04	3.33650952e-01	1.83278316e-05
3.77359465e-01	-1.15756115e-06	-2.99999994e-02	7.28937574e-01	6.21829831e+04	2.97234570e+02	3.72705858e+01	-6.10873970e+04	3.29197696e-01	1.83280151e-05
3.75067413e-01	-1.15782831e-06	-2.99999994e-02	7.28317929e-01	6.21306813e+04	2.97237239e+02	3.62240926e+01	-6.10147874e+04	3.24477797e-01	1.83281419e-05
3.72816876e-01	-1.15809064e-06	-2.99999994e-02	7.27623443e-01	6.20716783e+04	2.97238396e+02	3.51360877e+01	-6.09756033e+04	3.19486751e-01	1.83281969e-05
3.70607361e-01	-1.15834814e-06	-2.99999994e-02	7.26851426e-01	6.20057324e+04	2.97237978e+02	3.40052492e+01	-6.09712007e+04	3.14206843e-01	1.83281771e-05
3.68438363e-01	-1.15860098e-06	-2.99999993e-02	7.26000121e-01	6.19327039e+04	2.97236029e+02	3.28306156e+01	-6.10005920e+04	3.08620432e-01	1.83280845e-05
3.66309405e-01	-1.15884915e-06	-2.99999994e-02	7.25067828e-01	6.18523890e+04	2.97232262e+02	3.16123112e+01	-6.10702099e+04	3.02712593e-01	1.83279054e-05
7.23588355e-02	5.05869113e-03	-2.99999993e-02	8.16072239e-01	6.95551735e+04	2.96974347e+02	8.07856728e+01	-6.84770879e+04	5.00521474e-01	1.83156439e-05
6.81824163e-02	4.76664328e-03	-2.99999994e-02	8.20008331e-01	6.99000149e+04	2.97014127e+02	8.00365361e+01	-6.73406292e+04	5.01146667e-01	1.83175354e-05
6.39460236e-02	4.47040168e-03	-2.99999994e-02	8.23926420e-01	7.02432626e+04	2.97053278e+02	7.92967980e+01	-6.62270573e+04	5.01756668e-01	1.83193969e-05
5.96491713e-02	4.16993234e-03	-2.99999994e-02	8.27836605e-01	7.05857895e+04	2.97091861e+02	7.85655202e+01	-6.51305435e+04	5.02384523e-01	1.83212312e-05
5.52913752e-02	3.86520126e-03	-2.99999994e-02	8.31751185e-01	7.09286232e+04	2.97129796e+02	7.78371168e+01	-6.40529423e+04	5.03015334e-01	1.83230347e-05
5.08721526e-02	3.55617469e-03	-2.99999993e-02	8.35682066e-01	7.12728601e+04	2.97167430e+02	7.71056305e+01	-6.29765342e+04	5.03712797e-01	1.83248237e-05
4.63910159e-02	3.24281876e-03	-2.99999994e-02	8.39650599e-01	7.16203495e+04	2.97204880e+02	7.63601678e+01	-6.19153671e+04	5.04315291e-01	1.83266039e-05
4.18474805e-02	2.92509946e-03	-2.99999994e-02	8.43679373e-01	7.19731779e+04	2.97242805e+02	7.55954344e+01	-6.08514859e+04	5.04835915e-01	1.83284065e-05
3.72410622e-02	2.60298280e-03	-2.99999994e-02	8.47803892e-01	7.23343288e+04	2.97281000e+02	7.47888044e+01	-5.97838827e+04	5.05252585e-01	1.83302219e-05
3.25712748e-02	2.27643502e-03	-2.99999993e-02	8.52071726e-01	7.27079559e+04	2.97319835e+02	7.39222798e+01	-5.87118570e+04	5.05450743e-01	1.83320675e-05
2.78376341e-02	1.94542209e-03	-2.99999994e-02	8.56552261e-01	7.31001094e+04	2.97359805e+02	7.29542917e+01	-5.76170016e+04	5.05364896e-01	1.83339670e-05
2.30396549e-02	1.60991005e-03	-2.99999994e-02	8.61341057e-01	7.35190404e+04	2.97401246e+02	7.18154170e+01	-5.64949084e+04	5.04742306e-01	1.83359363e-05
1.81768527e-02	1.26986508e-03	-2.99999993e-02	8.66642608e-01	7.39835134e+04	2.97449345e+02	7.03430979e+01	-5.52369099e+04	5.03002892e-01	1.83382217e-05
1.32487411e-02	9.25253177e-04	-2.99999994e-02	8.72613215e-01	7.45034544e+04	2.97490243e+02	6.87489621e+01	-5.41395443e+04	5.00931639e-01	1.83401649e-05
8.25483583e-03	5.76040460e-04	-2.99999993e-02	8.81880936e-01	7.53532425e+04	2.97721428e+02	6.65153817e+01	-4.89819873e+04	4.97061068e-01	1.83511467e-05
3.19348299e-03	2.55679410e-04	-2.99999994e-02	8.92874060e-01	7.63635824e+04	2.97998578e+02	6.08034129e+01	-4.28588364e+04	4.80037157e-01	1.83643064e-05
-1.93897425e-03	5.49384567e-05	-2.99999994e-02	8.92920759e-01	7.63232297e+04	2.97825530e+02	5.55738392e+01	-4.63661885e+04	4.60904729e-01	1.83560903e-05
-7.14389421e-03	-1.20253407e-06	-2.99999994e-02	8.86207559e-01	7.56632715e+04	2.97486846e+02	5.69887675e+01	-5.34734857e+04	4.65972550e-01	1.83400035e-05
-1.24186739e-02	-1.20314882e-06	-2.99999994e-02	8.82165418e-01	7.53408711e+04	2.97576555e+02	6.15243498e+01	-5.15503511e+04	4.83189588e-01	1.83442654e-05
-1.77618391e-02	-1.20377161e-06	-2.99999993e-02	8.79257691e-01	7.50872028e+04	2.97555412e+02	6.43958908e+01	-5.19703490e+04	4.93804125e-01	1.83432610e-05
-2.31738761e-02	-1.20440245e-06	-2.99999994e-02	8.77535560e-01	7.49260416e+04	2.97499450e+02	6.62562370e+01	-5.31245025e+04	5.00730209e-01	1.83406023e-05
-2.86552711e-02	-1.20504131e-06	-2.99999994e-02	8.76545926e-01	7.48287381e+04	2.97448545e+02	6.76764515e+01	-5.41701109e+04	5.06117968e-01	1.83381837e-05
-3.42065096e-02	-1.20568836e-06	-2.99999994e-02	8.76007612e-01	7.47718879e+04	2.97405208e+02	6.89520964e+01	-5.50544549e+04	5.11040367e-01	1.83361245e-05
-3.98280788e-02	-1.20634360e-06	-2.99999994e-02	8.75772792e-01	7.47415308e+04	2.97364173e+02	7.01879914e+01	-5.58887777e+04	5.15865879e-01	1.83341746e-05
-4.55204658e-02	-1.20700707e-06	-2.99999994e-02	8.75759956e-01	7.47296335e+04	2.97321197e+02	7.14432499e+01	-5.67624965e+04	5.20798759e-01	1.83321322e-05
-5.12841549e-02	-1.20767891e-06	-2.99999994e-02	8.75916813e-01	7.47312124e+04	2.97274234e+02	7.27752682e+01	-5.77184425e+04	5.26035107e-01	1.83299003e-05
-5.71196322e-02	-1.20835904e-06	-2.99999993e-02	8.76207655e-01	7.47427581e+04	2.97221472e+02	7.42460226e+01	-5.87945305e+04	5.31784274e-01	1.83273925e-05
-6.30273837e-02	-1.20904758e-06	-2.99999993e-02	8.76607310e-01	7.47618319e+04	2.97161779e+02	7.59261174e+01	-6.00141458e+04	5.38279887e-01	1.83245551e-05
-6.90078996e-02	-1.20974465e-06	-2.99999994e-02	8.77095838e-01	7.47868014e+04	2.97095458e+02	7.78868217e+01	-6.13705783e+04	5.45745850e-01	1.83214022e-05
-7.50616639e-02	-1.21045030e-06	-2.99999994e-02	8.77651438e-01	7.48172107e+04	2.97028107e+02	8.01697734e+01	-6.27460586e+04	5.54281701e-01	1.83182001e-05
-8.11891593e-02	-1.21116454e-06	-2.99999994e-02	8.78239486e-01	7.48515815e+04	2.96965587e+02	8.29170850e+01	-6.40178743e+04	5.64312186e-01	1.83152273e-05
-8.73908773e-02	-1.21188737e-06	-2.99999994e-02	8.79051118e-01	7.48965016e+04	2.96869448e+02	8.68163186e+01	-6.59902960e+04	5.78183969e-01	1.83106554e-05
-9.36673022e-02	-1.21261889e-06	-2.99999994e-02	8.81373161e-01	7.49335244e+04	2.96233685e+02	9.53269468e+01	-7.92128230e+04	6.08031838e-01	1.82804033e-05
-9.99999975e-02	-1.21335700e-06	-2.99999993e-02	9.03683482e-01	7.52078729e+04	2.89978010e+02	1.18718428e+02	-2.07203773e+05	6.98941790e-01	1.79810415e-05
